end_time: 1624877593.6436062
ingestion_duration: 1362.0652420520782
time_stats:
  train:
    max: 1362.0652420520782
    mean: 1362.0652420520782
    std: 0.0
    sum: 1362.0652420520782
