end_time: 1624490289.9882927
ingestion_duration: 25.535767078399658
time_stats:
  train:
    max: 25.535767078399658
    mean: 25.535767078399658
    std: 0.0
    sum: 25.535767078399658
